9 3 5 7 4 2 6 8 1
7 4 2 6 8 1 9 3 5
6 8 1 9 3 5 7 4 2
3 9 7 5 2 4 8 1 6
5 2 4 8 1 6 3 9 7
8 1 6 3 9 7 5 2 4
4 5 9 2 7 3 1 6 8
2 7 3 1 6 8 4 5 9
1 6 8 4 5 9 2 7 3

9 3 5 7 4 2 6 8 1
7 4 2 6 8 1 9 3 5
6 8 1 9 3 5 7 4 2
3 9 7 5 2 4 8 1 6
5 2 4 8 1 6 3 9 7
8 1 6 3 9 7 5 2 4
4 5 9 2 7 3 1 6 8
2 7 8 1 6 9 4 5 3
1 6 3 4 5 8 2 7 9

9 3 5 7 4 2 6 8 1
7 4 2 6 8 1 9 3 5
6 8 1 9 3 5 7 4 2
3 9 7 5 2 4 8 1 6
5 2 4 8 1 6 3 9 7
8 1 6 3 9 7 5 2 4
4 5 9 2 7 3 1 6 8
2 6 3 1 5 8 4 7 9
1 7 8 4 6 9 2 5 3

9 3 5 7 4 2 6 8 1
7 4 2 6 8 1 9 3 5
6 8 1 9 3 5 7 4 2
3 9 7 5 2 4 8 1 6
5 2 4 8 1 6 3 9 7
8 1 6 3 9 7 5 2 4
4 5 9 2 7 3 1 6 8
2 6 8 1 5 9 4 7 3
1 7 3 4 6 8 2 5 9

9 3 5 7 4 2 6 8 1
7 4 2 6 8 1 9 3 5
6 8 1 9 3 5 7 4 2
3 9 7 5 2 4 8 1 6
5 2 4 8 1 6 3 9 7
8 1 6 3 9 7 5 2 4
4 5 9 2 7 3 1 6 8
1 7 3 4 6 8 2 5 9
2 6 8 1 5 9 4 7 3

9 3 5 7 4 2 6 8 1
7 4 2 6 8 1 9 3 5
6 8 1 9 3 5 7 4 2
3 9 7 5 2 4 8 1 6
5 2 4 8 1 6 3 9 7
8 1 6 3 9 7 5 2 4
4 5 9 2 7 3 1 6 8
1 7 8 4 6 9 2 5 3
2 6 3 1 5 8 4 7 9

9 3 5 7 4 2 6 8 1
7 4 2 6 8 1 9 3 5
6 8 1 9 3 5 7 4 2
3 9 7 5 2 4 8 1 6
5 2 4 8 1 6 3 9 7
8 1 6 3 9 7 5 2 4
4 5 9 2 7 3 1 6 8
1 6 3 4 5 8 2 7 9
2 7 8 1 6 9 4 5 3

9 3 5 7 4 2 6 8 1
7 4 2 6 8 1 9 3 5
6 8 1 9 3 5 7 4 2
3 9 7 5 2 4 8 1 6
5 2 4 8 1 6 3 9 7
8 1 6 3 9 7 5 2 4
4 5 9 2 7 3 1 6 8
1 6 8 4 5 9 2 7 3
2 7 3 1 6 8 4 5 9

9 3 5 7 4 2 6 8 1
7 4 2 6 8 1 9 3 5
6 8 1 9 3 5 7 4 2
3 9 7 5 2 4 8 1 6
5 2 4 8 1 6 3 9 7
8 1 6 3 9 7 5 2 4
4 5 9 2 7 8 1 6 3
2 7 3 1 6 9 4 5 8
1 6 8 4 5 3 2 7 9

9 3 5 7 4 2 6 8 1
7 4 2 6 8 1 9 3 5
6 8 1 9 3 5 7 4 2
3 9 7 5 2 4 8 1 6
5 2 4 8 1 6 3 9 7
8 1 6 3 9 7 5 2 4
4 5 9 2 7 8 1 6 3
2 7 8 1 6 3 4 5 9
1 6 3 4 5 9 2 7 8

