0 0 0 0 4 2 6 8 0
0 4 2 6 8 1 0 3 5
6 8 1 0 3 0 0 4 2
0 9 0 5 2 4 0 1 0
5 2 0 8 0 6 3 9 7
0 1 0 3 9 0 0 2 4
0 5 0 2 7 0 1 6 8
2 0 3 1 6 8 0 5 9
0 6 8 4 0 0 2 0 3

9 3 5 0 4 2 6 8 1
7 4 2 6 8 0 9 3 5
0 8 1 9 3 0 7 4 2
3 9 7 5 2 0 8 1 6
5 0 4 8 1 0 0 9 7
0 1 6 0 9 7 5 2 4
4 5 9 2 7 3 0 6 8
2 7 0 1 6 9 4 0 3
0 6 3 4 5 0 2 7 9

9 3 0 7 4 0 6 8 1
7 4 2 0 8 1 9 3 0
0 8 1 9 3 0 7 4 0
3 9 7 0 2 4 8 0 6
0 2 4 8 1 6 3 9 7
8 1 6 3 9 0 5 2 0
4 0 9 2 7 3 1 6 8
2 0 3 1 0 8 4 7 0
1 0 8 4 6 9 0 5 3

0 3 5 7 4 2 6 8 1
7 4 2 6 0 1 9 3 5
6 0 1 9 0 5 7 4 2
3 9 0 5 2 4 8 0 6
0 2 4 8 1 0 3 9 7
8 1 6 0 9 7 5 0 4
4 0 9 0 7 3 1 0 8
2 6 8 1 5 9 0 7 3
1 0 3 4 6 0 2 5 9

9 3 5 7 4 2 6 8 1
7 4 2 6 8 1 9 3 5
6 8 1 9 3 5 7 4 2
3 9 7 5 2 4 8 1 6
5 2 4 8 1 6 3 9 7
8 1 6 3 9 7 5 2 4
4 5 9 2 7 3 1 6 8
1 7 3 4 6 8 2 5 9
2 6 8 1 5 9 4 7 3

9 3 5 7 4 2 6 8 1
7 4 2 6 8 1 9 3 5
6 8 1 9 3 5 7 4 2
3 9 7 5 2 4 8 1 6
5 2 4 8 1 6 3 9 7
8 1 6 3 9 7 5 2 4
4 5 9 2 7 3 1 6 8
1 7 8 4 6 9 2 5 3
2 6 3 1 5 8 4 7 9

9 3 5 7 4 2 6 8 1
7 4 2 6 8 1 9 3 5
6 8 1 9 3 5 7 4 2
3 9 7 5 2 4 8 1 6
5 2 4 8 1 6 3 9 7
8 1 6 3 9 7 5 2 4
4 5 9 2 7 3 1 6 8
1 6 3 4 5 8 2 7 9
2 7 8 1 6 9 4 5 3

9 3 5 7 4 2 6 8 1
7 4 2 6 8 1 9 3 5
6 8 1 9 3 5 7 4 2
3 9 7 5 2 4 8 1 6
5 2 4 8 1 6 3 9 7
8 1 6 3 9 7 5 2 4
4 5 9 2 7 3 1 6 8
1 6 8 4 5 9 2 7 3
2 7 3 1 6 8 4 5 9

9 3 5 7 4 2 6 8 1
7 4 2 6 8 1 9 3 5
6 8 1 9 3 5 7 4 2
3 9 7 5 2 4 8 1 6
5 2 4 8 1 6 3 9 7
8 1 6 3 9 7 5 2 4
4 5 9 2 7 8 1 6 3
2 7 3 1 6 9 4 5 8
1 6 8 4 5 3 2 7 9

9 3 5 7 4 2 6 8 1
7 4 2 6 8 1 9 3 5
6 8 1 9 3 5 7 4 2
3 9 7 5 2 4 8 1 6
5 2 4 8 1 6 3 9 7
8 1 6 3 9 7 5 2 4
4 5 9 2 7 8 1 6 3
2 7 8 1 6 3 4 5 9
1 6 3 4 5 9 2 7 8

