9 4 6 2 8 7 5 3 1
2 8 7 5 3 1 9 4 6
5 3 1 9 4 6 2 8 7
4 9 2 6 7 8 3 1 5
6 7 8 3 1 5 4 9 2
3 1 5 4 9 2 6 7 8
8 6 9 7 2 4 1 5 3
7 2 4 1 5 3 8 6 9
1 5 3 8 6 9 7 2 4


9 4 6 2 8 7 5 3 1
2 8 7 5 3 1 9 4 6
5 3 1 9 4 6 2 8 7
4 9 2 6 7 8 3 1 5
6 7 8 3 1 5 4 9 2
3 1 5 4 9 2 6 7 8
8 6 9 7 2 4 1 5 3
7 2 3 1 5 9 8 6 4
1 5 4 8 6 3 7 2 9


9 4 6 2 8 7 5 3 1
2 8 7 5 3 1 9 4 6
5 3 1 9 4 6 2 8 7
4 9 2 6 7 8 3 1 5
6 7 8 3 1 5 4 9 2
3 1 5 4 9 2 6 7 8
8 6 9 7 2 4 1 5 3
7 5 4 1 6 3 8 2 9
1 2 3 8 5 9 7 6 4


9 4 6 2 8 7 5 3 1
2 8 7 5 3 1 9 4 6
5 3 1 9 4 6 2 8 7
4 9 2 6 7 8 3 1 5
6 7 8 3 1 5 4 9 2
3 1 5 4 9 2 6 7 8
8 6 9 7 2 4 1 5 3
7 5 3 1 6 9 8 2 4
1 2 4 8 5 3 7 6 9


9 4 6 2 8 7 5 3 1
2 8 7 5 3 1 9 4 6
5 3 1 9 4 6 2 8 7
4 9 2 6 7 8 3 1 5
6 7 8 3 1 5 4 9 2
3 1 5 4 9 2 6 7 8
8 6 9 7 2 4 1 5 3
1 2 4 8 5 3 7 6 9
7 5 3 1 6 9 8 2 4


9 4 6 2 8 7 5 3 1
2 8 7 5 3 1 9 4 6
5 3 1 9 4 6 2 8 7
4 9 2 6 7 8 3 1 5
6 7 8 3 1 5 4 9 2
3 1 5 4 9 2 6 7 8
8 6 9 7 2 4 1 5 3
1 2 3 8 5 9 7 6 4
7 5 4 1 6 3 8 2 9


9 4 6 2 8 7 5 3 1
2 8 7 5 3 1 9 4 6
5 3 1 9 4 6 2 8 7
4 9 2 6 7 8 3 1 5
6 7 8 3 1 5 4 9 2
3 1 5 4 9 2 6 7 8
8 6 9 7 2 4 1 5 3
1 5 4 8 6 3 7 2 9
7 2 3 1 5 9 8 6 4


9 4 6 2 8 7 5 3 1
2 8 7 5 3 1 9 4 6
5 3 1 9 4 6 2 8 7
4 9 2 6 7 8 3 1 5
6 7 8 3 1 5 4 9 2
3 1 5 4 9 2 6 7 8
8 6 9 7 2 4 1 5 3
1 5 3 8 6 9 7 2 4
7 2 4 1 5 3 8 6 9


9 4 6 2 8 7 5 3 1
2 8 7 5 3 1 9 4 6
5 3 1 9 4 6 2 8 7
4 9 2 6 7 8 3 1 5
6 7 8 3 1 5 4 9 2
3 1 5 4 9 2 6 7 8
8 6 9 7 2 3 1 5 4
7 2 4 1 5 9 8 6 3
1 5 3 8 6 4 7 2 9


9 4 6 2 8 7 5 3 1
2 8 7 5 3 1 9 4 6
5 3 1 9 4 6 2 8 7
4 9 2 6 7 8 3 1 5
6 7 8 3 1 5 4 9 2
3 1 5 4 9 2 6 7 8
8 6 9 7 2 3 1 5 4
7 2 3 1 5 4 8 6 9
1 5 4 8 6 9 7 2 3


